10.307764
7.288690
5.762215
4.821015
4.175122
3.700850
3.335901
3.045247
2.807579
2.609063
2.440212
2.294244
2.166164
2.052233
1.949620
1.856172
1.770243
1.690576
1.616202
1.546375
1.480512
1.418159
1.358954
1.302607
1.248884
1.197587
1.148554
1.101644
1.056735
1.013720
0.972503
0.932995
0.895118
0.858798
0.823964
0.790554
0.758506
0.727763
0.698270
0.669975
0.642829
0.616784
0.591796
0.567821
0.544819
0.522748
0.501572
0.481254
0.461759
0.443054
0.425107
0.407887
0.391364
0.375511
0.360300
0.345705
0.331702
0.318266
0.305374
0.293004
0.281135
0.269747
0.258820
0.248336
0.238277
0.228625
0.219364
0.210478
0.201953
0.193772
0.185923
0.178392
0.171166
0.164232
0.157580
0.151197
0.145072
0.139196
0.133557
0.128147
0.122956
0.117976
0.113197
0.108612
0.104212
0.099991
0.095940
0.092054
0.088325
0.084748
0.081315
0.078021
0.074860
0.071828
0.068919
0.066127
0.063448
0.060878
0.058412
0.056046
0.053776
0.051597
0.049507
0.047502
0.045578
0.043732
0.041960
0.040261
0.038630
0.037065
0.035564
0.034123
0.032741
0.031415
0.030142
0.028921
0.027750
0.026625
0.025547
0.024512
0.023519
0.022567
0.021652
0.020775
0.019934
0.019126
0.018352
0.017608
0.016895
0.016211
0.015554
0.014924
0.014319
0.013739
0.013183
0.012649
0.012136
0.011645
0.011173
0.010721
0.010286
0.009870
0.009470
0.009086
0.008718
0.008365
0.008026
0.007701
0.007389
0.007090
0.006803
0.006527
0.006263
0.006009
0.005766
0.005532
0.005308
0.005093
0.004887
0.004689
0.004499
0.004317
0.004142
0.003974
0.003813
0.003659
0.003510
0.003368
0.003232
0.003101
0.002975
0.002855
0.002739
0.002628
0.002522
0.002419
0.002321
0.002227
0.002137
0.002051
0.001968
0.001888
0.001811
0.001738
0.001668
0.001600
0.001535
0.001473
0.001413
0.001356
0.001301
0.001249
0.001198
0.001149
0.001103
0.001058
0.001015
0.000974
