106.250000
53.125000
33.203125
23.242188
17.431641
13.696289
11.128235
9.273529
7.882500
6.807208
5.954635
5.263554
4.692267
4.211661
3.801019
3.445373
3.133761
2.858047
2.612110
2.391274
2.191916
2.011174
1.846756
1.696786
1.559710
1.434215
1.319176
1.213620
1.116690
1.027629
0.945762
0.870480
0.801237
0.737533
0.678917
0.624976
0.575332
0.529639
0.487581
0.448867
0.413229
0.380423
0.350223
0.322421
0.296827
0.273265
0.251574
0.231605
0.213221
0.196297
0.180716
0.166372
0.153166
0.141009
0.129816
0.119512
0.110026
0.101293
0.093253
0.085851
0.079037
0.072763
0.066988
0.061671
0.056776
0.052269
0.048121
0.044301
0.040785
0.037548
0.034567
0.031824
0.029298
0.026972
0.024831
0.022860
0.021046
0.019375
0.017838
0.016422
0.015118
0.013918
0.012814
0.011796
0.010860
0.009998
0.009205
0.008474
0.007801
0.007182
0.006612
0.006087
0.005604
0.005159
0.004750
0.004373
0.004026
0.003706
0.003412
0.003141
0.002892
0.002662
0.002451
0.002256
0.002077
0.001912
0.001761
0.001621
0.001492
0.001374
0.001265
0.001164
0.001072
0.000987
